$ANSIBLE_VAULT;1.1;AES256
32636630646232303466663639333561323239623937366466313935376366376331653263646161
6466326136363330366639636239643362376163626530360a623932386532393966326431346230
30636163336461646461393038353531633034393430336434396536383262636362356365633133
6332343033323862620a326361393035383739323765303564376563656136376265303233306433
36333361633934613665626162653361623665386662646265623161623661326466633237303166
36633663613936616235353335333862333966386664626662383264626563336664343231373561
62386539353430393134616430306365396236633736386264653761656466303033653562323461
32633337666235656136336537373239343537613334373364323435336537623238373239653030
33306266623932396633363137363538343332323166333662393066326336323734343961366664
39396665326434356630316637326663386138383062353261623335393465303565346535306362
64383836353033323731356164376134363536636664353033643866393436383537613431333262
39646230316165303835356161376164323231396232396439623636313930663365356530386464
65313361636165363538636531393466613561613030376264366239343530323764653161323136
34303932646236323237333030613938356264396563393236623866663237663630383361613665
63626162373334356563303336336137323364343530376534386664666434656533336461346264
35623839346333636164313933623236626561653864356436363835643131346137356566336333
63303364316132396465383864666232396565653863303962363838333866393334643037383264
30333663656165653462353131626237393464353733313037316330333235303266303265353661
32666131303664333663643034376632336531613864383030353436393638666230376633313831
38633230383463396665616133386463396662633536636237393434396639336138333165343136
62386463663065653364386431323030356565313534323637633339353739393239343932316332
32393239663666643032396530393034376637376164326165653862366363356165666635663637
33313630373236646462306533623334313336313061383337313162626464623466306130303539
64623266623765316664313434323338643333626238656661623732666263366662623963393361
3765
